%YAML:1.0
calibration_time: "Thu Dec  4 18:57:22 2014"
nframes: 10
image_width: 1280
image_height: 720
board_width: 9
board_height: 6
square_size: 2.4000000953674316e+00
flags: 0
camera_matrix: !!opencv-matrix
   rows: 3
   cols: 3
   dt: d
   data: [ 1.1409145100008720e+03, 0., 7.0323174566882710e+02, 0.,
       1.1441127017991255e+03, 3.1533374486249357e+02, 0., 0., 1. ]
distortion_coefficients: !!opencv-matrix
   rows: 5
   cols: 1
   dt: d
   data: [ -5.7622141740512289e-01, 5.9669462772029314e-01,
       6.0720087612609061e-03, 1.5812377165467964e-04,
       -5.5860344573277199e-01 ]
avg_reprojection_error: 3.4599061349837967e-01
per_view_reprojection_errors: !!opencv-matrix
   rows: 10
   cols: 1
   dt: f
   data: [ 2.64669955e-01, 2.75685936e-01, 4.88208473e-01,
       4.09375042e-01, 3.77994716e-01, 3.26469660e-01, 3.96824539e-01,
       3.05284947e-01, 3.22083652e-01, 2.03070864e-01 ]
extrinsic_parameters: !!opencv-matrix
   rows: 10
   cols: 6
   dt: d
   data: [ -8.6599216715833080e-02, -1.6968300882159293e-01,
       -3.1362959517918210e+00, 9.8723432225081797e+00,
       5.7430611222739296e+00, 4.6578991682115998e+01,
       -7.7851042258760461e-01, -2.3711089559391113e-01,
       -2.9942747349210275e+00, 9.3766807478486687e+00,
       9.2759024123640756e+00, 4.3777818366698085e+01,
       -7.4689683424208272e-02, 1.3013747726085363e+00,
       2.8011218580717858e+00, 5.2151231368754400e+00,
       3.8017540504770788e+00, 2.8372380860517353e+01,
       -8.7381411160873290e-01, 8.8384714188671265e-01,
       1.4042791348305608e+00, 7.0343489116786024e+00,
       -9.2435969528767403e-01, 5.0699551905381597e+01,
       -9.6275528818271849e-01, 1.9785902321542995e-02,
       1.3080411581688590e-02, -6.1208771105667283e+00,
       -2.0634338986810072e+00, 3.7955756504065143e+01,
       -9.1249529358701464e-01, -4.4211366491169385e-01,
       -6.4333413284049068e-01, -1.2188167563643631e+01,
       -1.3867486739183514e+00, 4.0597758946938370e+01,
       -1.0780953061882050e+00, 3.1403272875334948e-01,
       8.0652790714497868e-01, -1.0358063883845197e+01,
       -4.4807785017562889e+00, 5.2717514083445025e+01,
       -5.2570016342587544e-01, -1.0108776651272007e+00,
       -2.0357043961610755e+00, 5.5937889107600913e+00,
       7.0585513921730847e+00, 3.7985126463263853e+01,
       -6.8819031098736749e-01, 1.0867984828805142e+00,
       1.8047772709319772e+00, 5.8636593288534256e+00,
       -1.8780009071599468e+00, 5.7115381133551189e+01,
       6.0482389907661838e-01, -1.3709978486999463e-01,
       -2.9472359729601636e+00, 5.6328228616801264e+00,
       1.1018482812188878e+01, 5.7668906921978277e+01 ]
image_points: !!opencv-matrix
   rows: 10
   cols: 54
   dt: "2f"
   data: [ 9.37679077e+02, 4.52676361e+02, 8.82099548e+02,
       4.53537781e+02, 8.25540527e+02, 4.54429077e+02, 7.67655151e+02,
       4.54677612e+02, 7.10188843e+02, 4.54698303e+02, 6.52907471e+02,
       4.54488953e+02, 5.96116943e+02, 4.53518799e+02, 5.40490540e+02,
       4.52704407e+02, 4.86626709e+02, 4.51322784e+02, 9.37637207e+02,
       3.95828400e+02, 8.81947205e+02, 3.96469147e+02, 8.25501404e+02,
       3.96826630e+02, 7.67896362e+02, 3.97105804e+02, 7.10290771e+02,
       3.97261505e+02, 6.53224365e+02, 3.97045227e+02, 5.96311157e+02,
       3.96806488e+02, 5.41140503e+02, 3.96446533e+02, 4.87280823e+02,
       3.95613983e+02, 9.37208679e+02, 3.38956909e+02, 8.81628784e+02,
       3.38938293e+02, 8.25316162e+02, 3.39168976e+02, 7.67729431e+02,
       3.39272461e+02, 7.10307678e+02, 3.39444092e+02, 6.53459656e+02,
       3.39462830e+02, 5.96576599e+02, 3.39563812e+02, 5.41677002e+02,
       3.39574188e+02, 4.87780396e+02, 3.39717102e+02, 9.35627319e+02,
       2.82362854e+02, 8.80453308e+02, 2.81997131e+02, 8.24371338e+02,
       2.81695892e+02, 7.67429688e+02, 2.81800568e+02, 7.10309692e+02,
       2.82085022e+02, 6.53816895e+02, 2.82471497e+02, 5.97552429e+02,
       2.82846405e+02, 5.42513855e+02, 2.83408600e+02, 4.89011810e+02,
       2.84288971e+02, 9.33703369e+02, 2.26995041e+02, 8.79156250e+02,
       2.26401810e+02, 8.23506714e+02, 2.25768372e+02, 7.66674377e+02,
       2.25720490e+02, 7.10370178e+02, 2.26024597e+02, 6.54169250e+02,
       2.26619904e+02, 5.98383850e+02, 2.27385391e+02, 5.44147522e+02,
       2.28731979e+02, 4.90780457e+02, 2.29664581e+02, 9.31293457e+02,
       1.73144699e+02, 8.77329529e+02, 1.72246277e+02, 8.22078552e+02,
       1.71497559e+02, 7.66164978e+02, 1.71310181e+02, 7.10394958e+02,
       1.71623230e+02, 6.54895691e+02, 1.72618958e+02, 5.99765320e+02,
       1.73402802e+02, 5.46059814e+02, 1.75152771e+02, 4.93606934e+02,
       1.77102386e+02, 9.36826050e+02, 5.47437561e+02, 8.81792786e+02,
       5.43903564e+02, 8.28252014e+02, 5.39819214e+02, 7.76118713e+02,
       5.35422119e+02, 7.26228821e+02, 5.30765503e+02, 6.78328674e+02,
       5.25856323e+02, 6.32347778e+02, 5.20752686e+02, 5.89342102e+02,
       5.15753845e+02, 5.48376221e+02, 5.10624695e+02, 9.41702454e+02,
       4.88833466e+02, 8.86432068e+02, 4.85982269e+02, 8.32705261e+02,
       4.82831604e+02, 7.80460815e+02, 4.79538116e+02, 7.30331787e+02,
       4.76151947e+02, 6.82644226e+02, 4.72614685e+02, 6.36776978e+02,
       4.68718719e+02, 5.93632507e+02, 4.64989502e+02, 5.52389709e+02,
       4.61169556e+02, 9.45849854e+02, 4.29058899e+02, 8.90565125e+02,
       4.27189117e+02, 8.36936279e+02, 4.25169312e+02, 7.84554382e+02,
       4.23038635e+02, 7.34373474e+02, 4.20894806e+02, 6.86360046e+02,
       4.18626801e+02, 6.40474854e+02, 4.16250824e+02, 5.97386597e+02,
       4.13583099e+02, 5.55731689e+02, 4.11152069e+02, 9.49447205e+02,
       3.69115326e+02, 8.94353943e+02, 3.68427582e+02, 8.40581543e+02,
       3.67324402e+02, 7.88370605e+02, 3.66483765e+02, 7.38378906e+02,
       3.65306427e+02, 6.90529114e+02, 3.64445343e+02, 6.44964050e+02,
       3.63273865e+02, 6.01703430e+02, 3.62302734e+02, 5.60056458e+02,
       3.61109985e+02, 9.51998657e+02, 3.10569275e+02, 8.97475403e+02,
       3.10537079e+02, 8.44020691e+02, 3.10555939e+02, 7.92060913e+02,
       3.10601074e+02, 7.42358276e+02, 3.10689117e+02, 6.94647888e+02,
       3.10814117e+02, 6.49352112e+02, 3.11139954e+02, 6.06135437e+02,
       3.11360931e+02, 5.64349487e+02, 3.11355133e+02, 9.53791931e+02,
       2.53156830e+02, 8.99819214e+02, 2.53748581e+02, 8.47228516e+02,
       2.54931183e+02, 7.95711121e+02, 2.55936737e+02, 7.46304688e+02,
       2.57259766e+02, 6.98903870e+02, 2.58615875e+02, 6.53395569e+02,
       2.59740906e+02, 6.10324707e+02, 2.61249908e+02, 5.69832520e+02,
       2.62904724e+02, 9.07760132e+02, 4.65379822e+02, 8.15780396e+02,
       4.70416229e+02, 7.20475281e+02, 4.74469666e+02, 6.23534546e+02,
       4.77368927e+02, 5.28207886e+02, 4.79148407e+02, 4.35750244e+02,
       4.79266296e+02, 3.47572998e+02, 4.78715881e+02, 2.66441620e+02,
       4.77296997e+02, 1.92040405e+02, 4.75701111e+02, 8.91096130e+02,
       3.99625519e+02, 8.03621216e+02, 4.03318787e+02, 7.13353638e+02,
       4.06655121e+02, 6.21736938e+02, 4.09372711e+02, 5.31596985e+02,
       4.11532684e+02, 4.44037781e+02, 4.13246826e+02, 3.60329559e+02,
       4.14559021e+02, 2.82648346e+02, 4.14863434e+02, 2.10560867e+02,
       4.14879791e+02, 8.75551208e+02, 3.39574158e+02, 7.92495544e+02,
       3.42805695e+02, 7.06967224e+02, 3.45690887e+02, 6.20293274e+02,
       3.48356171e+02, 5.35195496e+02, 3.50334290e+02, 4.52276611e+02,
       3.52443542e+02, 3.72460876e+02, 3.54409943e+02, 2.98002716e+02,
       3.56376129e+02, 2.28430069e+02, 3.57063568e+02, 8.60772095e+02,
       2.87231964e+02, 7.82037048e+02, 2.88758728e+02, 7.01036926e+02,
       2.90996704e+02, 6.19442871e+02, 2.93274811e+02, 5.38692993e+02,
       2.95395782e+02, 4.60387665e+02, 2.97882843e+02, 3.84522736e+02,
       3.01145782e+02, 3.13366516e+02, 3.03745819e+02, 2.46129578e+02,
       3.05775208e+02, 8.47349976e+02, 2.40334915e+02, 7.72501221e+02,
       2.41197571e+02, 6.95949463e+02, 2.42515121e+02, 6.18548218e+02,
