%YAML:1.0
calibration_time: "Thu Dec  4 18:58:42 2014"
nframes: 3
image_width: 1270
image_height: 949
board_width: 9
board_height: 6
square_size: 2.4000000953674316e+00
flags: 0
camera_matrix: !!opencv-matrix
   rows: 3
   cols: 3
   dt: d
   data: [ 1.3565465293061764e+03, 0., 5.8295862519946184e+02, 0.,
       1.3612310265559704e+03, 4.3941466134274452e+02, 0., 0., 1. ]
distortion_coefficients: !!opencv-matrix
   rows: 5
   cols: 1
   dt: d
   data: [ -2.3552528281849061e-01, 1.0528751904948150e+01,
       3.1503068107465743e-03, 4.0309321536738966e-03,
       -1.2829151051854365e+02 ]
avg_reprojection_error: 1.0387732604324578e+00
per_view_reprojection_errors: !!opencv-matrix
   rows: 3
   cols: 1
   dt: f
   data: [ 1.03151929e+00, 9.38956499e-01, 1.13643229e+00 ]
extrinsic_parameters: !!opencv-matrix
   rows: 3
   cols: 6
   dt: d
   data: [ 2.6107894269577013e-02, -5.3001594067353185e-02,
       -4.6461466139110015e-02, -1.2054023617257618e+01,
       -3.4671204865293954e+00, 5.8146268754320140e+01,
       6.8940678650076292e-01, -5.9518635681760501e-01,
       1.5109972006086072e+00, 1.0442810546353041e+01,
       -2.8425120561656829e+00, 4.5017526361809921e+01,
       -9.4856705629764482e-01, 1.1175302937717209e-02,
       4.4137705860610166e-02, -9.2871866279674151e+00,
       -4.3546419681929081e+00, 5.4296974438797825e+01 ]
image_points: !!opencv-matrix
   rows: 3
   cols: 54
   dt: "2f"
   data: [ 3.02976044e+02, 3.58381165e+02, 3.59134521e+02,
       3.56936188e+02, 4.15144623e+02, 3.54489838e+02, 4.70245056e+02,
       3.50188263e+02, 5.25886780e+02, 3.49126587e+02, 5.80815857e+02,
       3.47363525e+02, 6.36236023e+02, 3.42712921e+02, 6.90753174e+02,
       3.40409607e+02, 7.45643433e+02, 3.40406433e+02, 3.04760223e+02,
       4.13490204e+02, 3.61204926e+02, 4.11659943e+02, 4.17421539e+02,
       4.09982727e+02, 4.72402039e+02, 4.05242462e+02, 5.27602478e+02,
       4.03688110e+02, 5.83473206e+02, 4.02266907e+02, 6.38065674e+02,
       3.97718567e+02, 6.93157288e+02, 3.96544342e+02, 7.48627075e+02,
       3.95878998e+02, 3.08298584e+02, 4.69632385e+02, 3.64363037e+02,
       4.67773315e+02, 4.20506012e+02, 4.66141876e+02, 4.74883331e+02,
       4.61041107e+02, 5.30430847e+02, 4.59844574e+02, 5.85677246e+02,
       4.57431671e+02, 6.40622253e+02, 4.52931885e+02, 6.95418457e+02,
       4.50834534e+02, 7.50862183e+02, 4.49968231e+02, 3.11640656e+02,
       5.26311340e+02, 3.67284607e+02, 5.23764343e+02, 4.23527252e+02,
       5.21674011e+02, 4.78028046e+02, 5.17231079e+02, 5.33825745e+02,
       5.16096130e+02, 5.89286133e+02, 5.12960327e+02, 6.43520569e+02,
       5.08480408e+02, 6.98207764e+02, 5.07412109e+02, 7.53073425e+02,
       5.04317993e+02, 3.13834961e+02, 5.81488708e+02, 3.69760132e+02,
       5.78811096e+02, 4.25145081e+02, 5.77324341e+02, 4.80419342e+02,
       5.71393433e+02, 5.36107483e+02, 5.70675537e+02, 5.91638733e+02,
       5.67631531e+02, 6.46069519e+02, 5.63587708e+02, 7.01075562e+02,
       5.63739075e+02, 7.55483032e+02, 5.58904724e+02, 3.17392151e+02,
       6.37238037e+02, 3.73002899e+02, 6.34749573e+02, 4.28858093e+02,
       6.31360046e+02, 4.84333527e+02, 6.27467590e+02, 5.39679138e+02,
       6.27160645e+02, 5.93836609e+02, 6.22206665e+02, 6.47703064e+02,
       6.18296936e+02, 7.03190552e+02, 6.17653320e+02, 7.57457642e+02,
       6.12843445e+02, 8.97768799e+02, 3.53163330e+02, 8.85221863e+02,
       4.04953430e+02, 8.72717957e+02, 4.53162384e+02, 8.63977478e+02,
       4.94861816e+02, 8.52508667e+02, 5.37774597e+02, 8.43461914e+02,
       5.75196045e+02, 8.34593872e+02, 6.11503601e+02, 8.26766357e+02,
       6.45035522e+02, 8.17934387e+02, 6.75368103e+02, 8.25385071e+02,
       3.50446289e+02, 8.16023560e+02, 4.00120270e+02, 8.06547607e+02,
       4.47494202e+02, 7.98163757e+02, 4.91634460e+02, 7.90390869e+02,
       5.32701904e+02, 7.82727539e+02, 5.71881470e+02, 7.77562744e+02,
       6.05802002e+02, 7.69541626e+02, 6.42499512e+02, 7.63444763e+02,
       6.73889526e+02, 7.52560242e+02, 3.45664581e+02, 7.46103821e+02,
       3.97743317e+02, 7.38863159e+02, 4.44745697e+02, 7.32876038e+02,
       4.88196075e+02, 7.27513672e+02, 5.30313110e+02, 7.22565918e+02,
       5.67666565e+02, 7.16893860e+02, 6.03820801e+02, 7.13240906e+02,
       6.36613159e+02, 7.07854919e+02, 6.68719543e+02, 6.80298950e+02,
       3.41626862e+02, 6.75957153e+02, 3.92579285e+02, 6.71580200e+02,
       4.39500061e+02, 6.68054810e+02, 4.84414124e+02, 6.65225891e+02,
       5.25286804e+02, 6.61193604e+02, 5.63817749e+02, 6.59370056e+02,
       6.00521973e+02, 6.56181030e+02, 6.35216675e+02, 6.52231934e+02,
       6.67178833e+02, 6.08932495e+02, 3.38798492e+02, 6.06752319e+02,
       3.89177460e+02, 6.05199585e+02, 4.36306396e+02, 6.04606934e+02,
       4.81247742e+02, 6.03451294e+02, 5.23705505e+02, 6.02497620e+02,
       5.60497375e+02, 6.00764648e+02, 5.96085571e+02, 5.99509949e+02,
       6.28985168e+02, 5.97361328e+02, 6.63579834e+02, 5.37457825e+02,
       3.33936615e+02, 5.38119080e+02, 3.84878815e+02, 5.39729614e+02,
       4.32711029e+02, 5.39636169e+02, 4.76650330e+02, 5.40889343e+02,
       5.16331177e+02, 5.41384094e+02, 5.55690491e+02, 5.42321106e+02,
       5.93869080e+02, 5.43154297e+02, 6.27136841e+02, 5.44665710e+02,
       6.59411072e+02, 3.51979370e+02, 3.30348938e+02, 4.11043610e+02,
       3.33481171e+02, 4.70330536e+02, 3.34860413e+02, 5.31261047e+02,
       3.35898682e+02, 5.90252563e+02, 3.36557983e+02, 6.50755615e+02,
       3.38856567e+02, 7.11595520e+02, 3.42395142e+02, 7.71665649e+02,
       3.42970764e+02, 8.32787903e+02, 3.44520905e+02, 3.40918365e+02,
       3.61823303e+02, 4.02348358e+02, 3.65747620e+02, 4.63909119e+02,
       3.67030579e+02, 5.26072266e+02, 3.67280060e+02, 5.87509460e+02,
       3.70069366e+02, 6.51054993e+02, 3.73324219e+02, 7.14020935e+02,
       3.75935669e+02, 7.76597778e+02, 3.76332794e+02, 8.39235779e+02,
       3.77610443e+02, 3.27566071e+02, 3.98512268e+02, 3.92558716e+02,
       3.98920837e+02, 4.56891815e+02, 4.00322052e+02, 5.21602966e+02,
       4.03426208e+02, 5.86264038e+02, 4.07454071e+02, 6.50425232e+02,
       4.07587769e+02, 7.14840698e+02, 4.07850372e+02, 7.80260559e+02,
       4.12064636e+02, 8.47652405e+02, 4.14863007e+02, 3.14766602e+02,
       4.35017120e+02, 3.81516235e+02, 4.38449066e+02, 4.48390106e+02,
       4.39092072e+02, 5.15341187e+02, 4.40614807e+02, 5.82303528e+02,
       4.44112885e+02, 6.50395203e+02, 4.47365692e+02, 7.17608215e+02,
       4.46749268e+02, 7.86498596e+02, 4.50560333e+02, 8.55213806e+02,
       4.53663055e+02, 3.01347076e+02, 4.76923401e+02, 3.70217468e+02,
       4.78979889e+02, 4.40227020e+02, 4.78578888e+02, 5.10316620e+02,
       4.82100677e+02, 5.80093628e+02, 4.86136047e+02, 6.50088379e+02,
       4.87185242e+02, 7.21538879e+02, 4.89237640e+02, 7.92606323e+02,
       4.94634644e+02, 8.63929626e+02, 4.94739502e+02, 2.85790131e+02,
       5.18702148e+02, 3.57655151e+02, 5.21533752e+02, 4.30342743e+02,
       5.25366272e+02, 5.03415649e+02, 5.26452087e+02, 5.76899048e+02,
       5.29365967e+02, 6.50156616e+02, 5.33962830e+02, 7.23449585e+02,
       5.34131104e+02, 7.97440674e+02, 5.35460205e+02, 8.73175903e+02,
       5.42411255e+02 ]
