%YAML:1.0
calibration_time: "01/15/15 20:18:02"
nframes: 10
image_width: 640
image_height: 360
board_width: 9
board_height: 6
square_size: 2.4000000953674316e+000
flags: 0
camera_matrix: !!opencv-matrix
   rows: 3
   cols: 3
   dt: d
   data: [ 6.0285084846843790e+002, 0., 3.2358517643006462e+002, 0.,
       6.1026575155921159e+002, 2.1951814849449650e+002, 0., 0., 1. ]
distortion_coefficients: !!opencv-matrix
   rows: 5
   cols: 1
   dt: d
   data: [ -1.6514188606986615e+000, 2.8262791313794452e+001,
       -5.0404592908760096e-003, 1.0688739918240030e-002,
       -1.9244839247466322e+002 ]
avg_reprojection_error: 2.2242614298577572e+000
per_view_reprojection_errors: !!opencv-matrix
   rows: 10
   cols: 1
   dt: f
   data: [ 6.95306301e-001, 7.72105038e-001, 4.31995928e-001,
       3.01364303e+000, 3.73311520e-001, 3.63786650e+000,
       4.91982222e-001, 3.06403041e+000, 3.72341204e+000,
       1.50251949e+000 ]
extrinsic_parameters: !!opencv-matrix
   rows: 10
   cols: 6
   dt: d
   data: [ 6.4944834647149341e-002, -1.6118134567044465e-001,
       3.1055203287778772e+000, 1.3849046125388162e+001,
       3.2838964600191098e+000, 5.0852156455064083e+001,
       2.4499138237895710e-002, 8.0165499773261151e-001,
       3.0267555445363818e+000, 9.7615837315914007e+000,
       7.0118457998665189e+000, 3.8392872590884082e+001,
       -5.7606700984005577e-001, -4.1481486982043103e-001,
       -1.5098118857798093e+000, -4.1743027671372888e+000,
       6.9004970879319156e+000, 4.0781618208709311e+001,
       -2.4709546056993725e-001, -2.8936374858851810e-001,
       -1.5569691322842671e+000, -8.8541970964897523e+000,
       -1.0787603460965908e+001, 8.0087586932084577e+001,
       -5.9506060019469553e-001, 6.0315152262565330e-001,
       1.5281785790246785e+000, 8.7485751419100524e+000,
       -1.3511936294548870e+000, 7.0362062534022328e+001,
       -7.6113211307693340e-001, 1.0865699587771693e-001,
       -3.9643294057909846e-002, -1.3496526157593287e+000,
       -6.1713284141710210e+000, 8.1542665546635305e+001,
       -3.4567190062813374e-001, -6.6867905886217338e-001,
       -2.1227526647846453e+000, -4.0739478999300793e+000,
       1.3140099559240159e+001, 7.0039581422413036e+001,
       -5.4037656567686476e-001, -7.0980660341060486e-001,
       -1.9503158899745205e+000, 3.6535328164854155e+000,
       1.5944658344997372e+001, 7.8045069402451858e+001,
       -3.3200007753519878e-001, 7.1311197089489220e-001,
       2.0741448526524398e+000, 1.1216347556570776e+001,
       -9.5116107730782229e+000, 8.3345724113459937e+001,
       -7.2417912963975128e-001, -2.6923532106363823e-001,
       -6.0580900492433920e-001, -8.5423090243560829e+000,
       -3.3103222684955642e+000, 7.0600652081524288e+001 ]
